Command line
python /usr/local/bin/chemprop_train --data_path toxcast_data.csv --dataset_type classification --save_dir toxcast_data_checkpoints --smiles_columns smiles --ignore_columns mol_id
Args
{'activation': 'ReLU',
 'adding_h': False,
 'aggregation': 'mean',
 'aggregation_norm': 100,
 'atom_descriptor_scaling': True,
 'atom_descriptors': None,
 'atom_descriptors_path': None,
 'atom_descriptors_size': 0,
 'atom_features_size': 0,
 'atom_messages': False,
 'batch_size': 50,
 'bias': False,
 'bias_solvent': False,
 'bond_feature_scaling': True,
 'bond_features_path': None,
 'bond_features_size': 0,
 'cache_cutoff': 10000,
 'checkpoint_dir': None,
 'checkpoint_frzn': None,
 'checkpoint_path': None,
 'checkpoint_paths': None,
 'class_balance': False,
 'config_path': None,
 'crossval_index_dir': None,
 'crossval_index_file': None,
 'crossval_index_sets': None,
 'cuda': False,
 'data_path': 'toxcast_data.csv',
 'data_weights_path': None,
 'dataset_type': 'classification',
 'depth': 3,
 'depth_solvent': 3,
 'device': device(type='cpu'),
 'dropout': 0.0,
 'empty_cache': False,
 'ensemble_size': 1,
 'epochs': 30,
 'evidential_regularization': 0,
 'explicit_h': False,
 'extra_metrics': [],
 'features_generator': None,
 'features_only': False,
 'features_path': None,
 'features_scaling': True,
 'features_size': None,
 'ffn_hidden_size': 300,
 'ffn_num_layers': 2,
 'final_lr': 0.0001,
 'folds_file': None,
 'freeze_first_only': False,
 'frzn_ffn_layers': 0,
 'gpu': None,
 'grad_clip': None,
 'hidden_size': 300,
 'hidden_size_solvent': 300,
 'ignore_columns': ['mol_id'],
 'init_lr': 0.0001,
 'log_frequency': 10,
 'loss_function': 'binary_cross_entropy',
 'max_data_size': None,
 'max_lr': 0.001,
 'metric': 'auc',
 'metrics': ['auc'],
 'minimize_score': False,
 'mpn_shared': False,
 'multiclass_num_classes': 3,
 'no_atom_descriptor_scaling': False,
 'no_bond_features_scaling': False,
 'no_cache_mol': False,
 'no_cuda': False,
 'no_features_scaling': False,
 'num_folds': 1,
 'num_lrs': 1,
 'num_tasks': 617,
 'num_workers': 8,
 'number_of_molecules': 1,
 'overwrite_default_atom_features': False,
 'overwrite_default_bond_features': False,
 'phase_features_path': None,
 'pytorch_seed': 0,
 'quiet': False,
 'reaction': False,
 'reaction_mode': 'reac_diff',
 'reaction_solvent': False,
 'resume_experiment': False,
 'save_dir': 'toxcast_data_checkpoints',
 'save_preds': False,
 'save_smiles_splits': False,
 'seed': 0,
 'separate_test_atom_descriptors_path': None,
 'separate_test_bond_features_path': None,
 'separate_test_features_path': None,
 'separate_test_path': None,
 'separate_test_phase_features_path': None,
 'separate_val_atom_descriptors_path': None,
 'separate_val_bond_features_path': None,
 'separate_val_features_path': None,
 'separate_val_path': None,
 'separate_val_phase_features_path': None,
 'show_individual_scores': False,
 'smiles_columns': ['smiles'],
 'spectra_activation': 'exp',
 'spectra_phase_mask_path': None,
 'spectra_target_floor': 1e-08,
 'split_key_molecule': 0,
 'split_sizes': [0.8, 0.1, 0.1],
 'split_type': 'random',
 'target_columns': None,
 'target_weights': None,
 'task_names': ['ACEA_T47D_80hr_Negative',
                'ACEA_T47D_80hr_Positive',
                'APR_HepG2_CellCycleArrest_24h_dn',
                'APR_HepG2_CellCycleArrest_24h_up',
                'APR_HepG2_CellCycleArrest_72h_dn',
                'APR_HepG2_CellLoss_24h_dn',
                'APR_HepG2_CellLoss_72h_dn',
                'APR_HepG2_MicrotubuleCSK_24h_dn',
                'APR_HepG2_MicrotubuleCSK_24h_up',
                'APR_HepG2_MicrotubuleCSK_72h_dn',
                'APR_HepG2_MicrotubuleCSK_72h_up',
                'APR_HepG2_MitoMass_24h_dn',
                'APR_HepG2_MitoMass_24h_up',
                'APR_HepG2_MitoMass_72h_dn',
                'APR_HepG2_MitoMass_72h_up',
                'APR_HepG2_MitoMembPot_1h_dn',
                'APR_HepG2_MitoMembPot_24h_dn',
                'APR_HepG2_MitoMembPot_72h_dn',
                'APR_HepG2_MitoticArrest_24h_up',
                'APR_HepG2_MitoticArrest_72h_up',
                'APR_HepG2_NuclearSize_24h_dn',
                'APR_HepG2_NuclearSize_72h_dn',
                'APR_HepG2_NuclearSize_72h_up',
                'APR_HepG2_OxidativeStress_24h_up',
                'APR_HepG2_OxidativeStress_72h_up',
                'APR_HepG2_StressKinase_1h_up',
                'APR_HepG2_StressKinase_24h_up',
                'APR_HepG2_StressKinase_72h_up',
                'APR_HepG2_p53Act_24h_up',
                'APR_HepG2_p53Act_72h_up',
                'APR_Hepat_Apoptosis_24hr_up',
                'APR_Hepat_Apoptosis_48hr_up',
                'APR_Hepat_CellLoss_24hr_dn',
                'APR_Hepat_CellLoss_48hr_dn',
                'APR_Hepat_DNADamage_24hr_up',
                'APR_Hepat_DNADamage_48hr_up',
                'APR_Hepat_DNATexture_24hr_up',
                'APR_Hepat_DNATexture_48hr_up',
                'APR_Hepat_MitoFxnI_1hr_dn',
                'APR_Hepat_MitoFxnI_24hr_dn',
                'APR_Hepat_MitoFxnI_48hr_dn',
                'APR_Hepat_NuclearSize_24hr_dn',
                'APR_Hepat_NuclearSize_48hr_dn',
                'APR_Hepat_Steatosis_24hr_up',
                'APR_Hepat_Steatosis_48hr_up',
                'ATG_AP_1_CIS_dn',
                'ATG_AP_1_CIS_up',
                'ATG_AP_2_CIS_dn',
                'ATG_AP_2_CIS_up',
                'ATG_AR_TRANS_dn',
                'ATG_AR_TRANS_up',
                'ATG_Ahr_CIS_dn',
                'ATG_Ahr_CIS_up',
                'ATG_BRE_CIS_dn',
                'ATG_BRE_CIS_up',
                'ATG_CAR_TRANS_dn',
                'ATG_CAR_TRANS_up',
                'ATG_CMV_CIS_dn',
                'ATG_CMV_CIS_up',
                'ATG_CRE_CIS_dn',
                'ATG_CRE_CIS_up',
                'ATG_C_EBP_CIS_dn',
                'ATG_C_EBP_CIS_up',
                'ATG_DR4_LXR_CIS_dn',
                'ATG_DR4_LXR_CIS_up',
                'ATG_DR5_CIS_dn',
                'ATG_DR5_CIS_up',
                'ATG_E2F_CIS_dn',
                'ATG_E2F_CIS_up',
                'ATG_EGR_CIS_up',
                'ATG_ERE_CIS_dn',
                'ATG_ERE_CIS_up',
                'ATG_ERRa_TRANS_dn',
                'ATG_ERRg_TRANS_dn',
                'ATG_ERRg_TRANS_up',
                'ATG_ERa_TRANS_up',
                'ATG_E_Box_CIS_dn',
                'ATG_E_Box_CIS_up',
                'ATG_Ets_CIS_dn',
                'ATG_Ets_CIS_up',
                'ATG_FXR_TRANS_up',
                'ATG_FoxA2_CIS_dn',
                'ATG_FoxA2_CIS_up',
                'ATG_FoxO_CIS_dn',
                'ATG_FoxO_CIS_up',
                'ATG_GAL4_TRANS_dn',
                'ATG_GATA_CIS_dn',
                'ATG_GATA_CIS_up',
                'ATG_GLI_CIS_dn',
                'ATG_GLI_CIS_up',
                'ATG_GRE_CIS_dn',
                'ATG_GRE_CIS_up',
                'ATG_GR_TRANS_dn',
                'ATG_GR_TRANS_up',
                'ATG_HIF1a_CIS_dn',
                'ATG_HIF1a_CIS_up',
                'ATG_HNF4a_TRANS_dn',
                'ATG_HNF4a_TRANS_up',
                'ATG_HNF6_CIS_dn',
                'ATG_HNF6_CIS_up',
                'ATG_HSE_CIS_dn',
                'ATG_HSE_CIS_up',
                'ATG_IR1_CIS_dn',
                'ATG_IR1_CIS_up',
                'ATG_ISRE_CIS_dn',
                'ATG_ISRE_CIS_up',
                'ATG_LXRa_TRANS_dn',
                'ATG_LXRa_TRANS_up',
                'ATG_LXRb_TRANS_dn',
                'ATG_LXRb_TRANS_up',
                'ATG_MRE_CIS_up',
                'ATG_M_06_TRANS_up',
                'ATG_M_19_CIS_dn',
                'ATG_M_19_TRANS_dn',
                'ATG_M_19_TRANS_up',
                'ATG_M_32_CIS_dn',
                'ATG_M_32_CIS_up',
                'ATG_M_32_TRANS_dn',
                'ATG_M_32_TRANS_up',
                'ATG_M_61_TRANS_up',
                'ATG_Myb_CIS_dn',
                'ATG_Myb_CIS_up',
                'ATG_Myc_CIS_dn',
                'ATG_Myc_CIS_up',
                'ATG_NFI_CIS_dn',
                'ATG_NFI_CIS_up',
                'ATG_NF_kB_CIS_dn',
                'ATG_NF_kB_CIS_up',
                'ATG_NRF1_CIS_dn',
                'ATG_NRF1_CIS_up',
                'ATG_NRF2_ARE_CIS_dn',
                'ATG_NRF2_ARE_CIS_up',
                'ATG_NURR1_TRANS_dn',
                'ATG_NURR1_TRANS_up',
                'ATG_Oct_MLP_CIS_dn',
                'ATG_Oct_MLP_CIS_up',
                'ATG_PBREM_CIS_dn',
                'ATG_PBREM_CIS_up',
                'ATG_PPARa_TRANS_dn',
                'ATG_PPARa_TRANS_up',
                'ATG_PPARd_TRANS_up',
                'ATG_PPARg_TRANS_up',
                'ATG_PPRE_CIS_dn',
                'ATG_PPRE_CIS_up',
                'ATG_PXRE_CIS_dn',
                'ATG_PXRE_CIS_up',
                'ATG_PXR_TRANS_dn',
                'ATG_PXR_TRANS_up',
                'ATG_Pax6_CIS_up',
                'ATG_RARa_TRANS_dn',
                'ATG_RARa_TRANS_up',
                'ATG_RARb_TRANS_dn',
                'ATG_RARb_TRANS_up',
                'ATG_RARg_TRANS_dn',
                'ATG_RARg_TRANS_up',
                'ATG_RORE_CIS_dn',
                'ATG_RORE_CIS_up',
                'ATG_RORb_TRANS_dn',
                'ATG_RORg_TRANS_dn',
                'ATG_RORg_TRANS_up',
                'ATG_RXRa_TRANS_dn',
                'ATG_RXRa_TRANS_up',
                'ATG_RXRb_TRANS_dn',
                'ATG_RXRb_TRANS_up',
                'ATG_SREBP_CIS_dn',
                'ATG_SREBP_CIS_up',
                'ATG_STAT3_CIS_dn',
                'ATG_STAT3_CIS_up',
                'ATG_Sox_CIS_dn',
                'ATG_Sox_CIS_up',
                'ATG_Sp1_CIS_dn',
                'ATG_Sp1_CIS_up',
                'ATG_TAL_CIS_dn',
                'ATG_TAL_CIS_up',
                'ATG_TA_CIS_dn',
                'ATG_TA_CIS_up',
                'ATG_TCF_b_cat_CIS_dn',
                'ATG_TCF_b_cat_CIS_up',
                'ATG_TGFb_CIS_dn',
                'ATG_TGFb_CIS_up',
                'ATG_THRa1_TRANS_dn',
                'ATG_THRa1_TRANS_up',
                'ATG_VDRE_CIS_dn',
                'ATG_VDRE_CIS_up',
                'ATG_VDR_TRANS_dn',
                'ATG_VDR_TRANS_up',
                'ATG_XTT_Cytotoxicity_up',
                'ATG_Xbp1_CIS_dn',
                'ATG_Xbp1_CIS_up',
                'ATG_p53_CIS_dn',
                'ATG_p53_CIS_up',
                'BSK_3C_Eselectin_down',
                'BSK_3C_HLADR_down',
                'BSK_3C_ICAM1_down',
                'BSK_3C_IL8_down',
                'BSK_3C_MCP1_down',
                'BSK_3C_MIG_down',
                'BSK_3C_Proliferation_down',
                'BSK_3C_SRB_down',
                'BSK_3C_Thrombomodulin_down',
                'BSK_3C_Thrombomodulin_up',
                'BSK_3C_TissueFactor_down',
                'BSK_3C_TissueFactor_up',
                'BSK_3C_VCAM1_down',
                'BSK_3C_Vis_down',
                'BSK_3C_uPAR_down',
                'BSK_4H_Eotaxin3_down',
                'BSK_4H_MCP1_down',
                'BSK_4H_Pselectin_down',
                'BSK_4H_Pselectin_up',
                'BSK_4H_SRB_down',
                'BSK_4H_VCAM1_down',
                'BSK_4H_VEGFRII_down',
                'BSK_4H_uPAR_down',
                'BSK_4H_uPAR_up',
                'BSK_BE3C_HLADR_down',
                'BSK_BE3C_IL1a_down',
                'BSK_BE3C_IP10_down',
                'BSK_BE3C_MIG_down',
                'BSK_BE3C_MMP1_down',
                'BSK_BE3C_MMP1_up',
                'BSK_BE3C_PAI1_down',
                'BSK_BE3C_SRB_down',
                'BSK_BE3C_TGFb1_down',
                'BSK_BE3C_tPA_down',
                'BSK_BE3C_uPAR_down',
                'BSK_BE3C_uPAR_up',
                'BSK_BE3C_uPA_down',
                'BSK_CASM3C_HLADR_down',
                'BSK_CASM3C_IL6_down',
                'BSK_CASM3C_IL6_up',
                'BSK_CASM3C_IL8_down',
                'BSK_CASM3C_LDLR_down',
                'BSK_CASM3C_LDLR_up',
                'BSK_CASM3C_MCP1_down',
                'BSK_CASM3C_MCP1_up',
                'BSK_CASM3C_MCSF_down',
                'BSK_CASM3C_MCSF_up',
                'BSK_CASM3C_MIG_down',
                'BSK_CASM3C_Proliferation_down',
                'BSK_CASM3C_Proliferation_up',
                'BSK_CASM3C_SAA_down',
                'BSK_CASM3C_SAA_up',
                'BSK_CASM3C_SRB_down',
                'BSK_CASM3C_Thrombomodulin_down',
                'BSK_CASM3C_Thrombomodulin_up',
                'BSK_CASM3C_TissueFactor_down',
                'BSK_CASM3C_VCAM1_down',
                'BSK_CASM3C_VCAM1_up',
                'BSK_CASM3C_uPAR_down',
                'BSK_CASM3C_uPAR_up',
                'BSK_KF3CT_ICAM1_down',
                'BSK_KF3CT_IL1a_down',
                'BSK_KF3CT_IP10_down',
                'BSK_KF3CT_IP10_up',
                'BSK_KF3CT_MCP1_down',
                'BSK_KF3CT_MCP1_up',
                'BSK_KF3CT_MMP9_down',
                'BSK_KF3CT_SRB_down',
                'BSK_KF3CT_TGFb1_down',
                'BSK_KF3CT_TIMP2_down',
                'BSK_KF3CT_uPA_down',
                'BSK_LPS_CD40_down',
                'BSK_LPS_Eselectin_down',
                'BSK_LPS_Eselectin_up',
                'BSK_LPS_IL1a_down',
                'BSK_LPS_IL1a_up',
                'BSK_LPS_IL8_down',
                'BSK_LPS_IL8_up',
                'BSK_LPS_MCP1_down',
                'BSK_LPS_MCSF_down',
                'BSK_LPS_PGE2_down',
                'BSK_LPS_PGE2_up',
                'BSK_LPS_SRB_down',
                'BSK_LPS_TNFa_down',
                'BSK_LPS_TNFa_up',
                'BSK_LPS_TissueFactor_down',
                'BSK_LPS_TissueFactor_up',
                'BSK_LPS_VCAM1_down',
                'BSK_SAg_CD38_down',
                'BSK_SAg_CD40_down',
                'BSK_SAg_CD69_down',
                'BSK_SAg_Eselectin_down',
                'BSK_SAg_Eselectin_up',
                'BSK_SAg_IL8_down',
                'BSK_SAg_IL8_up',
                'BSK_SAg_MCP1_down',
                'BSK_SAg_MIG_down',
                'BSK_SAg_PBMCCytotoxicity_down',
                'BSK_SAg_PBMCCytotoxicity_up',
                'BSK_SAg_Proliferation_down',
                'BSK_SAg_SRB_down',
                'BSK_hDFCGF_CollagenIII_down',
                'BSK_hDFCGF_EGFR_down',
                'BSK_hDFCGF_EGFR_up',
                'BSK_hDFCGF_IL8_down',
                'BSK_hDFCGF_IP10_down',
                'BSK_hDFCGF_MCSF_down',
                'BSK_hDFCGF_MIG_down',
                'BSK_hDFCGF_MMP1_down',
                'BSK_hDFCGF_MMP1_up',
                'BSK_hDFCGF_PAI1_down',
                'BSK_hDFCGF_Proliferation_down',
                'BSK_hDFCGF_SRB_down',
                'BSK_hDFCGF_TIMP1_down',
                'BSK_hDFCGF_VCAM1_down',
                'CEETOX_H295R_11DCORT_dn',
                'CEETOX_H295R_ANDR_dn',
                'CEETOX_H295R_CORTISOL_dn',
                'CEETOX_H295R_DOC_dn',
                'CEETOX_H295R_DOC_up',
                'CEETOX_H295R_ESTRADIOL_dn',
                'CEETOX_H295R_ESTRADIOL_up',
                'CEETOX_H295R_ESTRONE_dn',
                'CEETOX_H295R_ESTRONE_up',
                'CEETOX_H295R_OHPREG_up',
                'CEETOX_H295R_OHPROG_dn',
                'CEETOX_H295R_OHPROG_up',
                'CEETOX_H295R_PROG_up',
                'CEETOX_H295R_TESTO_dn',
                'CLD_ABCB1_48hr',
                'CLD_ABCG2_48hr',
                'CLD_CYP1A1_24hr',
                'CLD_CYP1A1_48hr',
                'CLD_CYP1A1_6hr',
                'CLD_CYP1A2_24hr',
                'CLD_CYP1A2_48hr',
                'CLD_CYP1A2_6hr',
                'CLD_CYP2B6_24hr',
                'CLD_CYP2B6_48hr',
                'CLD_CYP2B6_6hr',
                'CLD_CYP3A4_24hr',
                'CLD_CYP3A4_48hr',
                'CLD_CYP3A4_6hr',
                'CLD_GSTA2_48hr',
                'CLD_SULT2A_24hr',
                'CLD_SULT2A_48hr',
                'CLD_UGT1A1_24hr',
                'CLD_UGT1A1_48hr',
                'NCCT_HEK293T_CellTiterGLO',
                'NCCT_QuantiLum_inhib_2_dn',
                'NCCT_QuantiLum_inhib_dn',
                'NCCT_TPO_AUR_dn',
                'NCCT_TPO_GUA_dn',
                'NHEERL_ZF_144hpf_TERATOSCORE_up',
                'NVS_ADME_hCYP19A1',
                'NVS_ADME_hCYP1A1',
                'NVS_ADME_hCYP1A2',
                'NVS_ADME_hCYP2A6',
                'NVS_ADME_hCYP2B6',
                'NVS_ADME_hCYP2C19',
                'NVS_ADME_hCYP2C9',
                'NVS_ADME_hCYP2D6',
                'NVS_ADME_hCYP3A4',
                'NVS_ADME_hCYP4F12',
                'NVS_ADME_rCYP2C12',
                'NVS_ENZ_hAChE',
                'NVS_ENZ_hAMPKa1',
                'NVS_ENZ_hAurA',
                'NVS_ENZ_hBACE',
                'NVS_ENZ_hCASP5',
                'NVS_ENZ_hCK1D',
                'NVS_ENZ_hDUSP3',
                'NVS_ENZ_hES',
                'NVS_ENZ_hElastase',
                'NVS_ENZ_hFGFR1',
                'NVS_ENZ_hGSK3b',
                'NVS_ENZ_hMMP1',
                'NVS_ENZ_hMMP13',
                'NVS_ENZ_hMMP2',
                'NVS_ENZ_hMMP3',
                'NVS_ENZ_hMMP7',
                'NVS_ENZ_hMMP9',
                'NVS_ENZ_hPDE10',
                'NVS_ENZ_hPDE4A1',
                'NVS_ENZ_hPDE5',
                'NVS_ENZ_hPI3Ka',
                'NVS_ENZ_hPTEN',
                'NVS_ENZ_hPTPN11',
                'NVS_ENZ_hPTPN12',
                'NVS_ENZ_hPTPN13',
                'NVS_ENZ_hPTPN9',
                'NVS_ENZ_hPTPRC',
                'NVS_ENZ_hSIRT1',
                'NVS_ENZ_hSIRT2',
                'NVS_ENZ_hTrkA',
                'NVS_ENZ_hVEGFR2',
                'NVS_ENZ_oCOX1',
                'NVS_ENZ_oCOX2',
                'NVS_ENZ_rAChE',
                'NVS_ENZ_rCNOS',
                'NVS_ENZ_rMAOAC',
                'NVS_ENZ_rMAOAP',
                'NVS_ENZ_rMAOBC',
                'NVS_ENZ_rMAOBP',
                'NVS_ENZ_rabI2C',
                'NVS_GPCR_bAdoR_NonSelective',
                'NVS_GPCR_bDR_NonSelective',
                'NVS_GPCR_g5HT4',
                'NVS_GPCR_gH2',
                'NVS_GPCR_gLTB4',
                'NVS_GPCR_gLTD4',
                'NVS_GPCR_gMPeripheral_NonSelective',
                'NVS_GPCR_gOpiateK',
                'NVS_GPCR_h5HT2A',
                'NVS_GPCR_h5HT5A',
                'NVS_GPCR_h5HT6',
                'NVS_GPCR_h5HT7',
                'NVS_GPCR_hAT1',
                'NVS_GPCR_hAdoRA1',
                'NVS_GPCR_hAdoRA2a',
                'NVS_GPCR_hAdra2A',
                'NVS_GPCR_hAdra2C',
                'NVS_GPCR_hAdrb1',
                'NVS_GPCR_hAdrb2',
                'NVS_GPCR_hAdrb3',
                'NVS_GPCR_hDRD1',
                'NVS_GPCR_hDRD2s',
                'NVS_GPCR_hDRD4.4',
                'NVS_GPCR_hH1',
                'NVS_GPCR_hLTB4_BLT1',
                'NVS_GPCR_hM1',
                'NVS_GPCR_hM2',
                'NVS_GPCR_hM3',
                'NVS_GPCR_hM4',
                'NVS_GPCR_hNK2',
                'NVS_GPCR_hOpiate_D1',
                'NVS_GPCR_hOpiate_mu',
                'NVS_GPCR_hTXA2',
                'NVS_GPCR_p5HT2C',
                'NVS_GPCR_r5HT1_NonSelective',
                'NVS_GPCR_r5HT_NonSelective',
                'NVS_GPCR_rAdra1B',
                'NVS_GPCR_rAdra1_NonSelective',
                'NVS_GPCR_rAdra2_NonSelective',
                'NVS_GPCR_rAdrb_NonSelective',
                'NVS_GPCR_rNK1',
                'NVS_GPCR_rNK3',
                'NVS_GPCR_rOpiate_NonSelective',
                'NVS_GPCR_rOpiate_NonSelectiveNa',
                'NVS_GPCR_rSST',
                'NVS_GPCR_rTRH',
                'NVS_GPCR_rV1',
                'NVS_GPCR_rabPAF',
                'NVS_GPCR_rmAdra2B',
                'NVS_IC_hKhERGCh',
                'NVS_IC_rCaBTZCHL',
                'NVS_IC_rCaDHPRCh_L',
                'NVS_IC_rNaCh_site2',
                'NVS_LGIC_bGABARa1',
                'NVS_LGIC_h5HT3',
                'NVS_LGIC_hNNR_NBungSens',
                'NVS_LGIC_rGABAR_NonSelective',
                'NVS_LGIC_rNNR_BungSens',
                'NVS_MP_hPBR',
                'NVS_MP_rPBR',
                'NVS_NR_bER',
                'NVS_NR_bPR',
                'NVS_NR_cAR',
                'NVS_NR_hAR',
                'NVS_NR_hCAR_Antagonist',
                'NVS_NR_hER',
                'NVS_NR_hFXR_Agonist',
                'NVS_NR_hFXR_Antagonist',
                'NVS_NR_hGR',
                'NVS_NR_hPPARa',
                'NVS_NR_hPPARg',
                'NVS_NR_hPR',
                'NVS_NR_hPXR',
                'NVS_NR_hRAR_Antagonist',
                'NVS_NR_hRARa_Agonist',
                'NVS_NR_hTRa_Antagonist',
                'NVS_NR_mERa',
                'NVS_NR_rAR',
                'NVS_NR_rMR',
                'NVS_OR_gSIGMA_NonSelective',
                'NVS_TR_gDAT',
                'NVS_TR_hAdoT',
                'NVS_TR_hDAT',
                'NVS_TR_hNET',
                'NVS_TR_hSERT',
                'NVS_TR_rNET',
                'NVS_TR_rSERT',
                'NVS_TR_rVMAT2',
                'OT_AR_ARELUC_AG_1440',
                'OT_AR_ARSRC1_0480',
                'OT_AR_ARSRC1_0960',
                'OT_ER_ERaERa_0480',
                'OT_ER_ERaERa_1440',
                'OT_ER_ERaERb_0480',
                'OT_ER_ERaERb_1440',
                'OT_ER_ERbERb_0480',
                'OT_ER_ERbERb_1440',
                'OT_ERa_EREGFP_0120',
                'OT_ERa_EREGFP_0480',
                'OT_FXR_FXRSRC1_0480',
                'OT_FXR_FXRSRC1_1440',
                'OT_NURR1_NURR1RXRa_0480',
                'OT_NURR1_NURR1RXRa_1440',
                'TOX21_ARE_BLA_Agonist_ch1',
                'TOX21_ARE_BLA_Agonist_ch2',
                'TOX21_ARE_BLA_agonist_ratio',
                'TOX21_ARE_BLA_agonist_viability',
                'TOX21_AR_BLA_Agonist_ch1',
                'TOX21_AR_BLA_Agonist_ch2',
                'TOX21_AR_BLA_Agonist_ratio',
                'TOX21_AR_BLA_Antagonist_ch1',
                'TOX21_AR_BLA_Antagonist_ch2',
                'TOX21_AR_BLA_Antagonist_ratio',
                'TOX21_AR_BLA_Antagonist_viability',
                'TOX21_AR_LUC_MDAKB2_Agonist',
                'TOX21_AR_LUC_MDAKB2_Antagonist',
                'TOX21_AR_LUC_MDAKB2_Antagonist2',
                'TOX21_AhR_LUC_Agonist',
                'TOX21_Aromatase_Inhibition',
                'TOX21_AutoFluor_HEK293_Cell_blue',
                'TOX21_AutoFluor_HEK293_Media_blue',
                'TOX21_AutoFluor_HEPG2_Cell_blue',
                'TOX21_AutoFluor_HEPG2_Cell_green',
                'TOX21_AutoFluor_HEPG2_Media_blue',
                'TOX21_AutoFluor_HEPG2_Media_green',
                'TOX21_ELG1_LUC_Agonist',
                'TOX21_ERa_BLA_Agonist_ch1',
                'TOX21_ERa_BLA_Agonist_ch2',
                'TOX21_ERa_BLA_Agonist_ratio',
                'TOX21_ERa_BLA_Antagonist_ch1',
                'TOX21_ERa_BLA_Antagonist_ch2',
                'TOX21_ERa_BLA_Antagonist_ratio',
                'TOX21_ERa_BLA_Antagonist_viability',
                'TOX21_ERa_LUC_BG1_Agonist',
                'TOX21_ERa_LUC_BG1_Antagonist',
                'TOX21_ESRE_BLA_ch1',
                'TOX21_ESRE_BLA_ch2',
                'TOX21_ESRE_BLA_ratio',
                'TOX21_ESRE_BLA_viability',
                'TOX21_FXR_BLA_Antagonist_ch1',
                'TOX21_FXR_BLA_Antagonist_ch2',
                'TOX21_FXR_BLA_agonist_ch2',
                'TOX21_FXR_BLA_agonist_ratio',
                'TOX21_FXR_BLA_antagonist_ratio',
                'TOX21_FXR_BLA_antagonist_viability',
                'TOX21_GR_BLA_Agonist_ch1',
                'TOX21_GR_BLA_Agonist_ch2',
                'TOX21_GR_BLA_Agonist_ratio',
                'TOX21_GR_BLA_Antagonist_ch2',
                'TOX21_GR_BLA_Antagonist_ratio',
                'TOX21_GR_BLA_Antagonist_viability',
                'TOX21_HSE_BLA_agonist_ch1',
                'TOX21_HSE_BLA_agonist_ch2',
                'TOX21_HSE_BLA_agonist_ratio',
                'TOX21_HSE_BLA_agonist_viability',
                'TOX21_MMP_ratio_down',
                'TOX21_MMP_ratio_up',
                'TOX21_MMP_viability',
                'TOX21_NFkB_BLA_agonist_ch1',
                'TOX21_NFkB_BLA_agonist_ch2',
                'TOX21_NFkB_BLA_agonist_ratio',
                'TOX21_NFkB_BLA_agonist_viability',
                'TOX21_PPARd_BLA_Agonist_viability',
                'TOX21_PPARd_BLA_Antagonist_ch1',
                'TOX21_PPARd_BLA_agonist_ch1',
                'TOX21_PPARd_BLA_agonist_ch2',
                'TOX21_PPARd_BLA_agonist_ratio',
                'TOX21_PPARd_BLA_antagonist_ratio',
                'TOX21_PPARd_BLA_antagonist_viability',
                'TOX21_PPARg_BLA_Agonist_ch1',
                'TOX21_PPARg_BLA_Agonist_ch2',
                'TOX21_PPARg_BLA_Agonist_ratio',
                'TOX21_PPARg_BLA_Antagonist_ch1',
                'TOX21_PPARg_BLA_antagonist_ratio',
                'TOX21_PPARg_BLA_antagonist_viability',
                'TOX21_TR_LUC_GH3_Agonist',
                'TOX21_TR_LUC_GH3_Antagonist',
                'TOX21_VDR_BLA_Agonist_viability',
                'TOX21_VDR_BLA_Antagonist_ch1',
                'TOX21_VDR_BLA_agonist_ch2',
                'TOX21_VDR_BLA_agonist_ratio',
                'TOX21_VDR_BLA_antagonist_ratio',
                'TOX21_VDR_BLA_antagonist_viability',
                'TOX21_p53_BLA_p1_ch1',
                'TOX21_p53_BLA_p1_ch2',
                'TOX21_p53_BLA_p1_ratio',
                'TOX21_p53_BLA_p1_viability',
                'TOX21_p53_BLA_p2_ch1',
                'TOX21_p53_BLA_p2_ch2',
                'TOX21_p53_BLA_p2_ratio',
                'TOX21_p53_BLA_p2_viability',
                'TOX21_p53_BLA_p3_ch1',
                'TOX21_p53_BLA_p3_ch2',
                'TOX21_p53_BLA_p3_ratio',
                'TOX21_p53_BLA_p3_viability',
                'TOX21_p53_BLA_p4_ch1',
                'TOX21_p53_BLA_p4_ch2',
                'TOX21_p53_BLA_p4_ratio',
                'TOX21_p53_BLA_p4_viability',
                'TOX21_p53_BLA_p5_ch1',
                'TOX21_p53_BLA_p5_ch2',
                'TOX21_p53_BLA_p5_ratio',
                'TOX21_p53_BLA_p5_viability',
                'Tanguay_ZF_120hpf_AXIS_up',
                'Tanguay_ZF_120hpf_ActivityScore',
                'Tanguay_ZF_120hpf_BRAI_up',
                'Tanguay_ZF_120hpf_CFIN_up',
                'Tanguay_ZF_120hpf_CIRC_up',
                'Tanguay_ZF_120hpf_EYE_up',
                'Tanguay_ZF_120hpf_JAW_up',
                'Tanguay_ZF_120hpf_MORT_up',
                'Tanguay_ZF_120hpf_OTIC_up',
                'Tanguay_ZF_120hpf_PE_up',
                'Tanguay_ZF_120hpf_PFIN_up',
                'Tanguay_ZF_120hpf_PIG_up',
                'Tanguay_ZF_120hpf_SNOU_up',
                'Tanguay_ZF_120hpf_SOMI_up',
                'Tanguay_ZF_120hpf_SWIM_up',
                'Tanguay_ZF_120hpf_TRUN_up',
                'Tanguay_ZF_120hpf_TR_up',
                'Tanguay_ZF_120hpf_YSE_up'],
 'test': False,
 'test_fold_index': None,
 'train_data_size': None,
 'undirected': False,
 'use_input_features': False,
 'val_fold_index': None,
 'warmup_epochs': 2.0}
Setting molecule featurization parameters to default.
Loading data
Warning: 21 SMILES are invalid.
Number of tasks = 617
Fold 0
Splitting data with seed 0
Class sizes
ACEA_T47D_80hr_Negative 0: 74.41%, 1: 25.59%
ACEA_T47D_80hr_Positive 0: 82.84%, 1: 17.16%
APR_HepG2_CellCycleArrest_24h_dn 0: 83.08%, 1: 16.92%
APR_HepG2_CellCycleArrest_24h_up 0: 95.84%, 1: 4.16%
APR_HepG2_CellCycleArrest_72h_dn 0: 76.50%, 1: 23.50%
APR_HepG2_CellLoss_24h_dn 0: 70.99%, 1: 29.01%
APR_HepG2_CellLoss_72h_dn 0: 56.96%, 1: 43.04%
APR_HepG2_MicrotubuleCSK_24h_dn 0: 94.00%, 1: 6.00%
APR_HepG2_MicrotubuleCSK_24h_up 0: 91.20%, 1: 8.80%
APR_HepG2_MicrotubuleCSK_72h_dn 0: 93.72%, 1: 6.28%
APR_HepG2_MicrotubuleCSK_72h_up 0: 88.91%, 1: 11.09%
APR_HepG2_MitoMass_24h_dn 0: 87.33%, 1: 12.67%
APR_HepG2_MitoMass_24h_up 0: 97.20%, 1: 2.80%
APR_HepG2_MitoMass_72h_dn 0: 90.78%, 1: 9.22%
APR_HepG2_MitoMass_72h_up 0: 92.44%, 1: 7.56%
APR_HepG2_MitoMembPot_1h_dn 0: 91.75%, 1: 8.25%
APR_HepG2_MitoMembPot_24h_dn 0: 81.82%, 1: 18.18%
APR_HepG2_MitoMembPot_72h_dn 0: 86.75%, 1: 13.25%
APR_HepG2_MitoticArrest_24h_up 0: 79.01%, 1: 20.99%
APR_HepG2_MitoticArrest_72h_up 0: 72.23%, 1: 27.77%
APR_HepG2_NuclearSize_24h_dn 0: 94.20%, 1: 5.80%
APR_HepG2_NuclearSize_72h_dn 0: 95.65%, 1: 4.35%
APR_HepG2_NuclearSize_72h_up 0: 97.97%, 1: 2.03%
APR_HepG2_OxidativeStress_24h_up 0: 76.60%, 1: 23.40%
APR_HepG2_OxidativeStress_72h_up 0: 75.82%, 1: 24.18%
APR_HepG2_StressKinase_1h_up 0: 93.40%, 1: 6.60%
APR_HepG2_StressKinase_24h_up 0: 93.04%, 1: 6.96%
APR_HepG2_StressKinase_72h_up 0: 89.94%, 1: 10.06%
APR_HepG2_p53Act_24h_up 0: 80.95%, 1: 19.05%
APR_HepG2_p53Act_72h_up 0: 79.59%, 1: 20.41%
APR_Hepat_Apoptosis_24hr_up 0: 85.48%, 1: 14.52%
APR_Hepat_Apoptosis_48hr_up 0: 83.83%, 1: 16.17%
APR_Hepat_CellLoss_24hr_dn 0: 82.18%, 1: 17.82%
APR_Hepat_CellLoss_48hr_dn 0: 87.13%, 1: 12.87%
APR_Hepat_DNADamage_24hr_up 0: 81.85%, 1: 18.15%
APR_Hepat_DNADamage_48hr_up 0: 80.86%, 1: 19.14%
APR_Hepat_DNATexture_24hr_up 0: 80.53%, 1: 19.47%
APR_Hepat_DNATexture_48hr_up 0: 81.85%, 1: 18.15%
APR_Hepat_MitoFxnI_1hr_dn 0: 81.85%, 1: 18.15%
APR_Hepat_MitoFxnI_24hr_dn 0: 85.48%, 1: 14.52%
APR_Hepat_MitoFxnI_48hr_dn 0: 85.81%, 1: 14.19%
APR_Hepat_NuclearSize_24hr_dn 0: 92.41%, 1: 7.59%
APR_Hepat_NuclearSize_48hr_dn 0: 89.44%, 1: 10.56%
APR_Hepat_Steatosis_24hr_up 0: 93.40%, 1: 6.60%
APR_Hepat_Steatosis_48hr_up 0: 92.74%, 1: 7.26%
ATG_AP_1_CIS_dn 0: 97.36%, 1: 2.64%
ATG_AP_1_CIS_up 0: 81.74%, 1: 18.26%
ATG_AP_2_CIS_dn 0: 93.41%, 1: 6.59%
ATG_AP_2_CIS_up 0: 98.71%, 1: 1.29%
ATG_AR_TRANS_dn 0: 99.33%, 1: 0.67%
ATG_AR_TRANS_up 0: 98.80%, 1: 1.20%
ATG_Ahr_CIS_dn 0: 93.00%, 1: 7.00%
ATG_Ahr_CIS_up 0: 86.93%, 1: 13.07%
ATG_BRE_CIS_dn 0: 97.01%, 1: 2.99%
ATG_BRE_CIS_up 0: 88.66%, 1: 11.34%
ATG_CAR_TRANS_dn 0: 97.60%, 1: 2.40%
ATG_CAR_TRANS_up 0: 98.92%, 1: 1.08%
ATG_CMV_CIS_dn 0: 95.78%, 1: 4.22%
ATG_CMV_CIS_up 0: 84.03%, 1: 15.97%
ATG_CRE_CIS_dn 0: 98.24%, 1: 1.76%
ATG_CRE_CIS_up 0: 89.42%, 1: 10.58%
ATG_C_EBP_CIS_dn 0: 97.60%, 1: 2.40%
ATG_C_EBP_CIS_up 0: 92.70%, 1: 7.30%
ATG_DR4_LXR_CIS_dn 0: 79.37%, 1: 20.63%
ATG_DR4_LXR_CIS_up 0: 98.07%, 1: 1.93%
ATG_DR5_CIS_dn 0: 95.75%, 1: 4.25%
ATG_DR5_CIS_up 0: 90.45%, 1: 9.55%
ATG_E2F_CIS_dn 0: 96.04%, 1: 3.96%
ATG_E2F_CIS_up 0: 99.03%, 1: 0.97%
ATG_EGR_CIS_up 0: 85.14%, 1: 14.86%
ATG_ERE_CIS_dn 0: 93.67%, 1: 6.33%
ATG_ERE_CIS_up 0: 74.33%, 1: 25.67%
ATG_ERRa_TRANS_dn 0: 98.92%, 1: 1.08%
ATG_ERRg_TRANS_dn 0: 98.97%, 1: 1.03%
ATG_ERRg_TRANS_up 0: 99.38%, 1: 0.62%
ATG_ERa_TRANS_up 0: 78.58%, 1: 21.42%
ATG_E_Box_CIS_dn 0: 90.01%, 1: 9.99%
ATG_E_Box_CIS_up 0: 97.57%, 1: 2.43%
ATG_Ets_CIS_dn 0: 93.35%, 1: 6.65%
ATG_Ets_CIS_up 0: 99.18%, 1: 0.82%
ATG_FXR_TRANS_up 0: 97.01%, 1: 2.99%
ATG_FoxA2_CIS_dn 0: 97.95%, 1: 2.05%
ATG_FoxA2_CIS_up 0: 97.86%, 1: 2.14%
ATG_FoxO_CIS_dn 0: 95.13%, 1: 4.87%
ATG_FoxO_CIS_up 0: 98.45%, 1: 1.55%
ATG_GAL4_TRANS_dn 0: 97.33%, 1: 2.67%
ATG_GATA_CIS_dn 0: 96.72%, 1: 3.28%
ATG_GATA_CIS_up 0: 98.62%, 1: 1.38%
ATG_GLI_CIS_dn 0: 98.74%, 1: 1.26%
ATG_GLI_CIS_up 0: 94.37%, 1: 5.63%
ATG_GRE_CIS_dn 0: 95.57%, 1: 4.43%
ATG_GRE_CIS_up 0: 98.36%, 1: 1.64%
ATG_GR_TRANS_dn 0: 99.18%, 1: 0.82%
ATG_GR_TRANS_up 0: 98.24%, 1: 1.76%
ATG_HIF1a_CIS_dn 0: 93.29%, 1: 6.71%
ATG_HIF1a_CIS_up 0: 88.69%, 1: 11.31%
ATG_HNF4a_TRANS_dn 0: 98.97%, 1: 1.03%
ATG_HNF4a_TRANS_up 0: 98.53%, 1: 1.47%
ATG_HNF6_CIS_dn 0: 96.19%, 1: 3.81%
ATG_HNF6_CIS_up 0: 98.04%, 1: 1.96%
ATG_HSE_CIS_dn 0: 98.36%, 1: 1.64%
ATG_HSE_CIS_up 0: 87.57%, 1: 12.43%
ATG_IR1_CIS_dn 0: 89.92%, 1: 10.08%
ATG_IR1_CIS_up 0: 97.30%, 1: 2.70%
ATG_ISRE_CIS_dn 0: 86.11%, 1: 13.89%
ATG_ISRE_CIS_up 0: 99.27%, 1: 0.73%
ATG_LXRa_TRANS_dn 0: 98.12%, 1: 1.88%
ATG_LXRa_TRANS_up 0: 97.01%, 1: 2.99%
ATG_LXRb_TRANS_dn 0: 99.24%, 1: 0.76%
ATG_LXRb_TRANS_up 0: 97.77%, 1: 2.23%
ATG_MRE_CIS_up 0: 78.78%, 1: 21.22%
ATG_M_06_TRANS_up 0: 99.33%, 1: 0.67%
ATG_M_19_CIS_dn 0: 97.51%, 1: 2.49%
ATG_M_19_TRANS_dn 0: 98.07%, 1: 1.93%
ATG_M_19_TRANS_up 0: 98.92%, 1: 1.08%
ATG_M_32_CIS_dn 0: 98.27%, 1: 1.73%
ATG_M_32_CIS_up 0: 98.45%, 1: 1.55%
ATG_M_32_TRANS_dn 0: 98.24%, 1: 1.76%
ATG_M_32_TRANS_up 0: 99.12%, 1: 0.88%
ATG_M_61_TRANS_up 0: 99.36%, 1: 0.64%
ATG_Myb_CIS_dn 0: 96.37%, 1: 3.63%
ATG_Myb_CIS_up 0: 98.48%, 1: 1.52%
ATG_Myc_CIS_dn 0: 98.51%, 1: 1.49%
ATG_Myc_CIS_up 0: 94.43%, 1: 5.57%
ATG_NFI_CIS_dn 0: 98.30%, 1: 1.70%
ATG_NFI_CIS_up 0: 91.91%, 1: 8.09%
ATG_NF_kB_CIS_dn 0: 91.79%, 1: 8.21%
ATG_NF_kB_CIS_up 0: 95.93%, 1: 4.07%
ATG_NRF1_CIS_dn 0: 95.40%, 1: 4.60%
ATG_NRF1_CIS_up 0: 96.95%, 1: 3.05%
ATG_NRF2_ARE_CIS_dn 0: 98.36%, 1: 1.64%
ATG_NRF2_ARE_CIS_up 0: 62.08%, 1: 37.92%
ATG_NURR1_TRANS_dn 0: 99.09%, 1: 0.91%
ATG_NURR1_TRANS_up 0: 93.73%, 1: 6.27%
ATG_Oct_MLP_CIS_dn 0: 98.92%, 1: 1.08%
ATG_Oct_MLP_CIS_up 0: 83.76%, 1: 16.24%
ATG_PBREM_CIS_dn 0: 99.09%, 1: 0.91%
ATG_PBREM_CIS_up 0: 88.45%, 1: 11.55%
ATG_PPARa_TRANS_dn 0: 98.89%, 1: 1.11%
ATG_PPARa_TRANS_up 0: 93.00%, 1: 7.00%
ATG_PPARd_TRANS_up 0: 97.89%, 1: 2.11%
ATG_PPARg_TRANS_up 0: 72.66%, 1: 27.34%
ATG_PPRE_CIS_dn 0: 97.27%, 1: 2.73%
ATG_PPRE_CIS_up 0: 84.38%, 1: 15.62%
ATG_PXRE_CIS_dn 0: 90.24%, 1: 9.76%
ATG_PXRE_CIS_up 0: 51.79%, 1: 48.21%
ATG_PXR_TRANS_dn 0: 99.33%, 1: 0.67%
ATG_PXR_TRANS_up 0: 71.54%, 1: 28.46%
ATG_Pax6_CIS_up 0: 86.52%, 1: 13.48%
ATG_RARa_TRANS_dn 0: 92.76%, 1: 7.24%
ATG_RARa_TRANS_up 0: 97.71%, 1: 2.29%
ATG_RARb_TRANS_dn 0: 95.96%, 1: 4.04%
ATG_RARb_TRANS_up 0: 99.27%, 1: 0.73%
ATG_RARg_TRANS_dn 0: 98.07%, 1: 1.93%
ATG_RARg_TRANS_up 0: 98.33%, 1: 1.67%
ATG_RORE_CIS_dn 0: 99.12%, 1: 0.88%
ATG_RORE_CIS_up 0: 88.92%, 1: 11.08%
ATG_RORb_TRANS_dn 0: 98.39%, 1: 1.61%
ATG_RORg_TRANS_dn 0: 99.12%, 1: 0.88%
ATG_RORg_TRANS_up 0: 98.94%, 1: 1.06%
ATG_RXRa_TRANS_dn 0: 99.30%, 1: 0.70%
ATG_RXRa_TRANS_up 0: 96.81%, 1: 3.19%
ATG_RXRb_TRANS_dn 0: 97.10%, 1: 2.90%
ATG_RXRb_TRANS_up 0: 84.55%, 1: 15.45%
ATG_SREBP_CIS_dn 0: 98.71%, 1: 1.29%
ATG_SREBP_CIS_up 0: 84.38%, 1: 15.62%
ATG_STAT3_CIS_dn 0: 97.07%, 1: 2.93%
ATG_STAT3_CIS_up 0: 98.77%, 1: 1.23%
ATG_Sox_CIS_dn 0: 99.03%, 1: 0.97%
ATG_Sox_CIS_up 0: 93.41%, 1: 6.59%
ATG_Sp1_CIS_dn 0: 98.97%, 1: 1.03%
ATG_Sp1_CIS_up 0: 89.68%, 1: 10.32%
ATG_TAL_CIS_dn 0: 98.07%, 1: 1.93%
ATG_TAL_CIS_up 0: 96.40%, 1: 3.60%
ATG_TA_CIS_dn 0: 99.15%, 1: 0.85%
ATG_TA_CIS_up 0: 93.05%, 1: 6.95%
ATG_TCF_b_cat_CIS_dn 0: 86.43%, 1: 13.57%
ATG_TCF_b_cat_CIS_up 0: 98.80%, 1: 1.20%
ATG_TGFb_CIS_dn 0: 96.37%, 1: 3.63%
ATG_TGFb_CIS_up 0: 95.96%, 1: 4.04%
ATG_THRa1_TRANS_dn 0: 98.86%, 1: 1.14%
ATG_THRa1_TRANS_up 0: 96.72%, 1: 3.28%
ATG_VDRE_CIS_dn 0: 99.41%, 1: 0.59%
ATG_VDRE_CIS_up 0: 72.71%, 1: 27.29%
ATG_VDR_TRANS_dn 0: 99.27%, 1: 0.73%
ATG_VDR_TRANS_up 0: 98.53%, 1: 1.47%
ATG_XTT_Cytotoxicity_up 0: 91.25%, 1: 8.75%
ATG_Xbp1_CIS_dn 0: 99.12%, 1: 0.88%
ATG_Xbp1_CIS_up 0: 86.49%, 1: 13.51%
ATG_p53_CIS_dn 0: 90.04%, 1: 9.96%
ATG_p53_CIS_up 0: 97.42%, 1: 2.58%
BSK_3C_Eselectin_down 0: 72.13%, 1: 27.87%
BSK_3C_HLADR_down 0: 61.64%, 1: 38.36%
BSK_3C_ICAM1_down 0: 85.75%, 1: 14.25%
BSK_3C_IL8_down 0: 77.07%, 1: 22.93%
BSK_3C_MCP1_down 0: 73.52%, 1: 26.48%
BSK_3C_MIG_down 0: 86.73%, 1: 13.27%
BSK_3C_Proliferation_down 0: 58.30%, 1: 41.70%
BSK_3C_SRB_down 0: 66.85%, 1: 33.15%
BSK_3C_Thrombomodulin_down 0: 95.69%, 1: 4.31%
BSK_3C_Thrombomodulin_up 0: 90.34%, 1: 9.66%
BSK_3C_TissueFactor_down 0: 77.69%, 1: 22.31%
BSK_3C_TissueFactor_up 0: 95.83%, 1: 4.17%
BSK_3C_VCAM1_down 0: 75.40%, 1: 24.60%
BSK_3C_Vis_down 0: 69.70%, 1: 30.30%
BSK_3C_uPAR_down 0: 70.95%, 1: 29.05%
BSK_4H_Eotaxin3_down 0: 69.49%, 1: 30.51%
BSK_4H_MCP1_down 0: 73.38%, 1: 26.62%
BSK_4H_Pselectin_down 0: 72.06%, 1: 27.94%
BSK_4H_Pselectin_up 0: 98.47%, 1: 1.53%
BSK_4H_SRB_down 0: 72.76%, 1: 27.24%
BSK_4H_VCAM1_down 0: 70.47%, 1: 29.53%
BSK_4H_VEGFRII_down 0: 84.99%, 1: 15.01%
BSK_4H_uPAR_down 0: 75.89%, 1: 24.11%
BSK_4H_uPAR_up 0: 98.54%, 1: 1.46%
BSK_BE3C_HLADR_down 0: 73.11%, 1: 26.89%
BSK_BE3C_IL1a_down 0: 81.17%, 1: 18.83%
BSK_BE3C_IP10_down 0: 73.31%, 1: 26.69%
BSK_BE3C_MIG_down 0: 86.66%, 1: 13.34%
BSK_BE3C_MMP1_down 0: 86.73%, 1: 13.27%
BSK_BE3C_MMP1_up 0: 90.90%, 1: 9.10%
BSK_BE3C_PAI1_down 0: 79.57%, 1: 20.43%
BSK_BE3C_SRB_down 0: 85.48%, 1: 14.52%
BSK_BE3C_TGFb1_down 0: 84.02%, 1: 15.98%
BSK_BE3C_tPA_down 0: 82.90%, 1: 17.10%
BSK_BE3C_uPAR_down 0: 86.03%, 1: 13.97%
BSK_BE3C_uPAR_up 0: 97.29%, 1: 2.71%
BSK_BE3C_uPA_down 0: 83.32%, 1: 16.68%
BSK_CASM3C_HLADR_down 0: 79.78%, 1: 20.22%
BSK_CASM3C_IL6_down 0: 85.41%, 1: 14.59%
BSK_CASM3C_IL6_up 0: 96.66%, 1: 3.34%
BSK_CASM3C_IL8_down 0: 89.85%, 1: 10.15%
BSK_CASM3C_LDLR_down 0: 88.60%, 1: 11.40%
BSK_CASM3C_LDLR_up 0: 94.23%, 1: 5.77%
BSK_CASM3C_MCP1_down 0: 85.13%, 1: 14.87%
BSK_CASM3C_MCP1_up 0: 97.78%, 1: 2.22%
BSK_CASM3C_MCSF_down 0: 81.58%, 1: 18.42%
BSK_CASM3C_MCSF_up 0: 98.47%, 1: 1.53%
BSK_CASM3C_MIG_down 0: 89.02%, 1: 10.98%
BSK_CASM3C_Proliferation_down 0: 69.15%, 1: 30.85%
BSK_CASM3C_Proliferation_up 0: 98.05%, 1: 1.95%
BSK_CASM3C_SAA_down 0: 87.63%, 1: 12.37%
BSK_CASM3C_SAA_up 0: 97.57%, 1: 2.43%
BSK_CASM3C_SRB_down 0: 82.49%, 1: 17.51%
BSK_CASM3C_Thrombomodulin_down 0: 94.86%, 1: 5.14%
BSK_CASM3C_Thrombomodulin_up 0: 82.49%, 1: 17.51%
BSK_CASM3C_TissueFactor_down 0: 84.64%, 1: 15.36%
BSK_CASM3C_VCAM1_down 0: 80.19%, 1: 19.81%
BSK_CASM3C_VCAM1_up 0: 97.36%, 1: 2.64%
BSK_CASM3C_uPAR_down 0: 82.84%, 1: 17.16%
BSK_CASM3C_uPAR_up 0: 98.40%, 1: 1.60%
BSK_KF3CT_ICAM1_down 0: 84.23%, 1: 15.77%
BSK_KF3CT_IL1a_down 0: 79.29%, 1: 20.71%
BSK_KF3CT_IP10_down 0: 77.48%, 1: 22.52%
BSK_KF3CT_IP10_up 0: 98.33%, 1: 1.67%
BSK_KF3CT_MCP1_down 0: 82.00%, 1: 18.00%
BSK_KF3CT_MCP1_up 0: 98.26%, 1: 1.74%
BSK_KF3CT_MMP9_down 0: 72.90%, 1: 27.10%
BSK_KF3CT_SRB_down 0: 83.74%, 1: 16.26%
BSK_KF3CT_TGFb1_down 0: 79.57%, 1: 20.43%
BSK_KF3CT_TIMP2_down 0: 77.41%, 1: 22.59%
BSK_KF3CT_uPA_down 0: 81.45%, 1: 18.55%
BSK_LPS_CD40_down 0: 70.54%, 1: 29.46%
BSK_LPS_Eselectin_down 0: 78.67%, 1: 21.33%
BSK_LPS_Eselectin_up 0: 98.47%, 1: 1.53%
BSK_LPS_IL1a_down 0: 78.53%, 1: 21.47%
BSK_LPS_IL1a_up 0: 98.54%, 1: 1.46%
BSK_LPS_IL8_down 0: 77.76%, 1: 22.24%
BSK_LPS_IL8_up 0: 97.92%, 1: 2.08%
BSK_LPS_MCP1_down 0: 77.41%, 1: 22.59%
BSK_LPS_MCSF_down 0: 72.48%, 1: 27.52%
BSK_LPS_PGE2_down 0: 79.29%, 1: 20.71%
BSK_LPS_PGE2_up 0: 93.33%, 1: 6.67%
BSK_LPS_SRB_down 0: 74.08%, 1: 25.92%
BSK_LPS_TNFa_down 0: 79.57%, 1: 20.43%
BSK_LPS_TNFa_up 0: 94.79%, 1: 5.21%
BSK_LPS_TissueFactor_down 0: 83.53%, 1: 16.47%
BSK_LPS_TissueFactor_up 0: 96.18%, 1: 3.82%
BSK_LPS_VCAM1_down 0: 69.42%, 1: 30.58%
BSK_SAg_CD38_down 0: 69.28%, 1: 30.72%
BSK_SAg_CD40_down 0: 69.21%, 1: 30.79%
BSK_SAg_CD69_down 0: 71.99%, 1: 28.01%
BSK_SAg_Eselectin_down 0: 71.58%, 1: 28.42%
BSK_SAg_Eselectin_up 0: 96.80%, 1: 3.20%
BSK_SAg_IL8_down 0: 75.89%, 1: 24.11%
BSK_SAg_IL8_up 0: 97.01%, 1: 2.99%
BSK_SAg_MCP1_down 0: 75.82%, 1: 24.18%
BSK_SAg_MIG_down 0: 83.81%, 1: 16.19%
BSK_SAg_PBMCCytotoxicity_down 0: 77.62%, 1: 22.38%
BSK_SAg_PBMCCytotoxicity_up 0: 94.79%, 1: 5.21%
BSK_SAg_Proliferation_down 0: 60.88%, 1: 39.12%
BSK_SAg_SRB_down 0: 74.84%, 1: 25.16%
BSK_hDFCGF_CollagenIII_down 0: 69.56%, 1: 30.44%
BSK_hDFCGF_EGFR_down 0: 93.19%, 1: 6.81%
BSK_hDFCGF_EGFR_up 0: 95.62%, 1: 4.38%
BSK_hDFCGF_IL8_down 0: 86.59%, 1: 13.41%
BSK_hDFCGF_IP10_down 0: 70.81%, 1: 29.19%
BSK_hDFCGF_MCSF_down 0: 71.02%, 1: 28.98%
BSK_hDFCGF_MIG_down 0: 79.43%, 1: 20.57%
BSK_hDFCGF_MMP1_down 0: 81.51%, 1: 18.49%
BSK_hDFCGF_MMP1_up 0: 95.62%, 1: 4.38%
BSK_hDFCGF_PAI1_down 0: 72.48%, 1: 27.52%
BSK_hDFCGF_Proliferation_down 0: 56.64%, 1: 43.36%
